49.48205757959731 0 0.0 12.43463921546936
52.335963558431935 359.3192170957635 2935.734988394379 6.357657432556152
50.79016296970209 307.122616882084 4458.297083774442 7.125242710113525
52.183195823461475 73.03022979761367 4224.28950375736 5.803544998168945
51.054475326816906 385.8241580648969 3492.4532732511434 6.5081751346588135
51.15425338223771 329.8704967772977 3410.1561276849334 6.454254388809204
51.87089359707681 140.29687416875993 3858.858253092973 6.297860622406006
48.82486916556805 244.9988808207588 2741.9327839875964 7.264589548110962
47.76302572704429 540.4211828307442 2790.7889570570646 6.657609701156616
53.35815017912162 229.4649986178211 3440.900096953155 5.780116081237793
50.004436367594565 299.47347567984053 3530.876273670644 8.41175389289856
51.479422889679675 195.42117690399422 4154.266103434298 5.951038599014282
